文园1栋 101 计算机学院 0.000000 0.000000 100.000000 90.000000 100.000000 100.000000 0.000000 0.000000 0.000000 0.000000 0.000000 0.000000 4 无 2024001 2024002 2024003 2024004
文园1栋 102 计算机学院 0.000000 0.000000 0.000000 0.000000 0.000000 0.000000 0.000000 0.000000 0.000000 0.000000 0.000000 0.000000 0 无 2024005 2024006 2024007 2024008
文园1栋 103 计算机学院 0.000000 0.000000 0.000000 0.000000 0.000000 0.000000 0.000000 0.000000 0.000000 0.000000 0.000000 0.000000 0 无 2024009 2024010 2024011 2024012
文园1栋 104 计算机学院 0.000000 0.000000 0.000000 0.000000 0.000000 0.000000 0.000000 0.000000 0.000000 0.000000 0.000000 0.000000 0 无 2024013 2024014 2024015 2024016
文园1栋 105 计算机学院 0.000000 0.000000 0.000000 0.000000 0.000000 0.000000 0.000000 0.000000 0.000000 0.000000 0.000000 0.000000 0 无 2024017 2024018 2024019 2024020
文园2栋 101 计算机学院 0.000000 0.000000 0.000000 0.000000 0.000000 0.000000 0.000000 0.000000 0.000000 0.000000 0.000000 0.000000 0 无 2024021 2024022 2024023 2024024
文园2栋 102 计算机学院 0.000000 0.000000 0.000000 0.000000 0.000000 0.000000 0.000000 0.000000 0.000000 0.000000 0.000000 0.000000 0 无 2024025 2024026 2024027 2024028
文园2栋 103 计算机学院 0.000000 0.000000 0.000000 0.000000 0.000000 0.000000 0.000000 0.000000 0.000000 0.000000 0.000000 0.000000 0 无 2024029 2024030 2024031 2024032
沁园1栋 101 计算机学院 0.000000 0.000000 0.000000 0.000000 0.000000 0.000000 0.000000 0.000000 0.000000 0.000000 0.000000 0.000000 0 无 2024033 2024034 2024035 2024036
沁园1栋 102 计算机学院 0.000000 0.000000 0.000000 0.000000 0.000000 0.000000 0.000000 0.000000 0.000000 0.000000 0.000000 0.000000 0 无 2024037 2024038 2024039 2024040
沁园1栋 103 计算机学院 0.000000 0.000000 0.000000 0.000000 0.000000 0.000000 0.000000 0.000000 0.000000 0.000000 0.000000 0.000000 0 无 2024041 2024042 2024043 2024044
沁园1栋 104 计算机学院 0.000000 0.000000 0.000000 0.000000 0.000000 0.000000 0.000000 0.000000 0.000000 0.000000 0.000000 0.000000 0 无 2024045 2024046 2024047 2024048
沁园1栋 105 计算机学院 0.000000 0.000000 0.000000 0.000000 0.000000 0.000000 0.000000 0.000000 0.000000 0.000000 0.000000 0.000000 0 无 2024049 2024050 2024051 2024052
沁园2栋 101 计算机学院 0.000000 0.000000 0.000000 0.000000 0.000000 0.000000 0.000000 0.000000 0.000000 0.000000 0.000000 0.000000 0 无 2024053 2024054 2024055 2024056
沁园2栋 102 计算机学院 0.000000 0.000000 0.000000 0.000000 0.000000 0.000000 0.000000 0.000000 0.000000 0.000000 0.000000 0.000000 0 无 2024057 2024058 2024059 2024060
沁园2栋 103 计算机学院 0.000000 0.000000 0.000000 0.000000 0.000000 0.000000 0.000000 0.000000 0.000000 0.000000 0.000000 0.000000 0 无 2024061 2024062 2024063 2024064
文园3栋 101 电子信息学院 0.000000 0.000000 0.000000 0.000000 0.000000 0.000000 0.000000 0.000000 0.000000 0.000000 0.000000 0.000000 0 无 2024065 2024066 2024067 2024068
文园3栋 102 电子信息学院 0.000000 0.000000 0.000000 0.000000 0.000000 0.000000 0.000000 0.000000 0.000000 0.000000 0.000000 0.000000 0 无 2024069 2024070 2024071 2024072
文园3栋 103 电子信息学院 0.000000 0.000000 0.000000 0.000000 0.000000 0.000000 0.000000 0.000000 0.000000 0.000000 0.000000 0.000000 0 无 2024073 2024074 2024075 2024076
沁园3栋 101 电子信息学院 0.000000 0.000000 0.000000 0.000000 0.000000 0.000000 0.000000 0.000000 0.000000 0.000000 0.000000 0.000000 0 无 2024077 2024078 2024079 2024080
沁园3栋 102 电子信息学院 0.000000 0.000000 0.000000 0.000000 0.000000 0.000000 0.000000 0.000000 0.000000 0.000000 0.000000 0.000000 0 无 2024081 2024082 2024083 2024084
沁园3栋 103 电子信息学院 0.000000 0.000000 0.000000 0.000000 0.000000 0.000000 0.000000 0.000000 0.000000 0.000000 0.000000 0.000000 0 无 2024085 2024086 2024087 2024088
文园4栋 101 机械工程学院 0.000000 0.000000 0.000000 0.000000 0.000000 0.000000 0.000000 0.000000 0.000000 0.000000 0.000000 0.000000 0 无 2024089 2024090 2024091 2024092
文园4栋 102 机械工程学院 0.000000 0.000000 0.000000 0.000000 0.000000 0.000000 0.000000 0.000000 0.000000 0.000000 0.000000 0.000000 0 无 2024093 2024094 2024095 2024096
文园4栋 103 机械工程学院 0.000000 0.000000 0.000000 0.000000 0.000000 0.000000 0.000000 0.000000 0.000000 0.000000 0.000000 0.000000 0 无 2024097 2024098 2024099 2024100
沁园4栋 201 机械工程学院 0.000000 0.000000 0.000000 0.000000 0.000000 0.000000 0.000000 0.000000 0.000000 0.000000 0.000000 0.000000 0 无 2024101 2024102 2024103 2024104
沁园4栋 202 机械工程学院 0.000000 0.000000 0.000000 0.000000 0.000000 0.000000 0.000000 0.000000 0.000000 0.000000 0.000000 0.000000 0 无 2024105 2024106 2024107 2024108
沁园4栋 203 机械工程学院 0.000000 0.000000 0.000000 0.000000 0.000000 0.000000 0.000000 0.000000 0.000000 0.000000 0.000000 0.000000 0 无 2024109 2024110 2024111 2024112
文园5栋 101 经济管理学院 0.000000 0.000000 0.000000 0.000000 0.000000 0.000000 0.000000 0.000000 0.000000 0.000000 0.000000 0.000000 0 无 2024113 2024114 2024115 2024116
文园5栋 102 经济管理学院 0.000000 0.000000 0.000000 0.000000 0.000000 0.000000 0.000000 0.000000 0.000000 0.000000 0.000000 0.000000 0 无 2024117 2024118 2024119 2024120
文园5栋 103 经济管理学院 0.000000 0.000000 0.000000 0.000000 0.000000 0.000000 0.000000 0.000000 0.000000 0.000000 0.000000 0.000000 0 无 2024121 2024122 2024123 2024124
文园5栋 104 经济管理学院 0.000000 0.000000 0.000000 0.000000 0.000000 0.000000 0.000000 0.000000 0.000000 0.000000 0.000000 0.000000 0 无 2024125 2024126 2024127 2024128
沁园5栋 101 经济管理学院 0.000000 0.000000 0.000000 0.000000 0.000000 0.000000 0.000000 0.000000 0.000000 0.000000 0.000000 0.000000 0 无 2024129 2024130 2024131 0
