文园1栋 101 计算机学院 0.000000 0.000000 0.000000 0.000000 0.000000 0.000000 0.000000 0.000000 0.000000 0.000000 0.000000 0 无 20240101001 20240101002 20240101003 20240101004
文园1栋 102 计算机学院 0.000000 0.000000 0.000000 0.000000 0.000000 0.000000 0.000000 0.000000 0.000000 0.000000 0.000000 0 无 20240101005 20240101006 20240101007 20240101008
文园1栋 103 计算机学院 0.000000 0.000000 0.000000 0.000000 0.000000 0.000000 0.000000 0.000000 0.000000 0.000000 0.000000 0 无 20240101009 20240101010 20240101011 20240101012
文园1栋 104 计算机学院 0.000000 0.000000 0.000000 0.000000 0.000000 0.000000 0.000000 0.000000 0.000000 0.000000 0.000000 0 无 20240101013 20240101014 20240101015 20240101016
文园1栋 105 计算机学院 0.000000 0.000000 0.000000 0.000000 0.000000 0.000000 0.000000 0.000000 0.000000 0.000000 0.000000 0 无 20240101017 20240101018 20240101019 20240101020
文园2栋 101 计算机学院 0.000000 0.000000 0.000000 0.000000 0.000000 0.000000 0.000000 0.000000 0.000000 0.000000 0.000000 0 无 20240102021 20240102022 20240102023 20240102024
文园2栋 102 计算机学院 0.000000 0.000000 0.000000 0.000000 0.000000 0.000000 0.000000 0.000000 0.000000 0.000000 0.000000 0 无 20240102025 20240102026 20240102027 20240102028
文园2栋 103 计算机学院 0.000000 0.000000 0.000000 0.000000 0.000000 0.000000 0.000000 0.000000 0.000000 0.000000 0.000000 0 无 20240102029 20240102030 20240102031 20240102032
沁园1栋 201 计算机学院 0.000000 0.000000 0.000000 0.000000 0.000000 0.000000 0.000000 0.000000 0.000000 0.000000 0.000000 0 无 20240101033 20240101034 20240101035 20240101036
沁园1栋 202 计算机学院 0.000000 0.000000 0.000000 0.000000 0.000000 0.000000 0.000000 0.000000 0.000000 0.000000 0.000000 0 无 20240101037 20240101038 20240101039 20240101040
沁园1栋 203 计算机学院 0.000000 0.000000 0.000000 0.000000 0.000000 0.000000 0.000000 0.000000 0.000000 0.000000 0.000000 0 无 20240101041 20240101042 20240101043 20240101044
沁园1栋 204 计算机学院 0.000000 0.000000 0.000000 0.000000 0.000000 0.000000 0.000000 0.000000 0.000000 0.000000 0.000000 0 无 20240101045 20240101046 20240101047 20240101048
沁园1栋 205 计算机学院 0.000000 0.000000 0.000000 0.000000 0.000000 0.000000 0.000000 0.000000 0.000000 0.000000 0.000000 0 无 20240101049 20240101050 20240101051 20240101052
沁园2栋 201 计算机学院 0.000000 0.000000 0.000000 0.000000 0.000000 0.000000 0.000000 0.000000 0.000000 0.000000 0.000000 0 无 20240102053 20240102054 20240102055 20240102056
沁园2栋 202 计算机学院 0.000000 0.000000 0.000000 0.000000 0.000000 0.000000 0.000000 0.000000 0.000000 0.000000 0.000000 0 无 20240102057 20240102058 20240102059 20240102060
沁园2栋 203 计算机学院 0.000000 0.000000 0.000000 0.000000 0.000000 0.000000 0.000000 0.000000 0.000000 0.000000 0.000000 0 无 20240102061 20240102062 20240102063 20240102064
文园3栋 101 电子信息学院 0.000000 0.000000 0.000000 0.000000 0.000000 0.000000 0.000000 0.000000 0.000000 0.000000 0.000000 0 无 20240201065 20240201066 20240201067 20240201068
文园3栋 102 电子信息学院 0.000000 0.000000 0.000000 0.000000 0.000000 0.000000 0.000000 0.000000 0.000000 0.000000 0.000000 0 无 20240201069 20240201070 20240201071 20240201072
文园3栋 103 电子信息学院 0.000000 0.000000 0.000000 0.000000 0.000000 0.000000 0.000000 0.000000 0.000000 0.000000 0.000000 0 无 20240201073 20240201074 20240201075 20240201076
沁园3栋 201 电子信息学院 0.000000 0.000000 0.000000 0.000000 0.000000 0.000000 0.000000 0.000000 0.000000 0.000000 0.000000 0 无 20240201077 20240201078 20240201079 20240201080
沁园3栋 202 电子信息学院 0.000000 0.000000 0.000000 0.000000 0.000000 0.000000 0.000000 0.000000 0.000000 0.000000 0.000000 0 无 20240201081 20240201082 20240201083 20240201084
沁园3栋 203 电子信息学院 0.000000 0.000000 0.000000 0.000000 0.000000 0.000000 0.000000 0.000000 0.000000 0.000000 0.000000 0 无 20240201085 20240201086 20240201087 20240201088
文园4栋 101 机械工程学院 0.000000 0.000000 0.000000 0.000000 0.000000 0.000000 0.000000 0.000000 0.000000 0.000000 0.000000 0 无 20240301089 20240301090 20240301091 20240301092
文园4栋 102 机械工程学院 0.000000 0.000000 0.000000 0.000000 0.000000 0.000000 0.000000 0.000000 0.000000 0.000000 0.000000 0 无 20240301093 20240301094 20240301095 20240301096
文园4栋 103 机械工程学院 0.000000 0.000000 0.000000 0.000000 0.000000 0.000000 0.000000 0.000000 0.000000 0.000000 0.000000 0 无 20240301097 20240301098 20240301099 20240301100
沁园4栋 201 机械工程学院 0.000000 0.000000 0.000000 0.000000 0.000000 0.000000 0.000000 0.000000 0.000000 0.000000 0.000000 0 无 20240301101 20240301102 20240301103 20240301104
沁园4栋 202 机械工程学院 0.000000 0.000000 0.000000 0.000000 0.000000 0.000000 0.000000 0.000000 0.000000 0.000000 0.000000 0 无 20240301105 20240301106 20240301107 20240301108
沁园4栋 203 机械工程学院 0.000000 0.000000 0.000000 0.000000 0.000000 0.000000 0.000000 0.000000 0.000000 0.000000 0.000000 0 无 20240301109 20240301110 20240301111 20240301112
文园5栋 101 经济管理学院 0.000000 0.000000 0.000000 0.000000 0.000000 0.000000 0.000000 0.000000 0.000000 0.000000 0.000000 0 无 20240401113 20240401114 20240401115 20240401116
文园5栋 102 经济管理学院 0.000000 0.000000 0.000000 0.000000 0.000000 0.000000 0.000000 0.000000 0.000000 0.000000 0.000000 0 无 20240401117 20240401118 20240401119 20240401120
文园5栋 103 经济管理学院 0.000000 0.000000 0.000000 0.000000 0.000000 0.000000 0.000000 0.000000 0.000000 0.000000 0.000000 0 无 20240402121 20240402122 20240402123 20240402124
文园5栋 104 经济管理学院 0.000000 0.000000 0.000000 0.000000 0.000000 0.000000 0.000000 0.000000 0.000000 0.000000 0.000000 0 无 20240402125 20240402126 20240402127 20240402128
沁园5栋 201 经济管理学院 0.000000 0.000000 0.000000 0.000000 0.000000 0.000000 0.000000 0.000000 0.000000 0.000000 0.000000 0 无 20240401130 20240401131 20240401132 NULL